31876
16164
32620
7602
17895
32152
10750
3485
30698
21636
19875
12321
19159
9341
12095
30253
13834
25003
16803
20662
31915
32513
20045
8860
12870
12720
9645
779
29733
26702
17089
27874
32737
28509
15690
6682
23409
7633
14793
25591
16183
2511
5288
20726
29715
18325
18482
29620
1657
17748
25507
12277
8638
24604
29611
15324
9874
6287
10605
2902
23767
24659
8555
10109
13085
3101
27737
6316
6190
15209
3860
3236
7512
7431
1623
27506
17468
3937
24522
1715
29748
23220
7965
23256
14346
20580
30646
32640
22151
3064
31219
3552
18276
7150
26345
28854
6870
2902
25079
