15915
31253
11334
10717
32106
22624
14550
6044
10030
22738
26172
11326
30339
15308
26596
28575
7275
2918
5600
26558
2502
27488
5917
10872
20733
22480
17248
8585
28824
22747
18138
22371
18649
29886
8403
12676
8041
27777
12210
28770
23524
11138
1726
344
2889
874
29556
29091
12037
8421
27271
4071
15967
32724
4621
25302
944
27350
25707
31745
26065
13747
6687
12314
14648
18838
16720
6212
15128
31634
21386
23770
15947
24461
18277
26290
32613
23861
3395
20924
18522
22813
18729
29880
12234
11958
19700
27965
1472
15531
12293
15618
5355
29714
6860
29626
1861
5870
3826
