32722
13574
22815
13831
13549
29424
24781
23815
14947
8010
11294
4470
150
10741
14224
9737
23260
24739
13618
8841
30035
21964
32659
19444
20373
28918
17956
13584
1445
20073
31360
10224
16176
12907
17335
17227
8279
26365
14518
28561
17780
29514
9747
30739
26609
22393
28140
28883
24791
5394
29863
10500
27626
1878
20125
32548
25723
28824
13188
24430
181
9921
2582
32463
29258
30173
14180
18491
19826
16760
25184
14628
10977
18771
9034
31702
27402
31346
9905
24672
6482
10741
26875
30301
31614
16624
9524
10076
19021
12711
297
1942
12967
5659
7784
26942
8293
6338
2785
