16761
28664
1529
16946
27759
3569
22150
11161
1461
24942
5996
25889
638
14371
11608
7172
24913
9438
3180
11442
1850
54
4309
17325
18769
26256
10734
23695
23230
32669
22385
20269
18888
8396
23337
28212
12711
32071
19273
25435
30130
11403
4287
30246
14739
5905
31596
8267
18659
20634
18095
11041
11483
25969
6975
365
15544
27100
7566
22835
9652
1518
29835
26426
18619
29310
17927
2054
30769
2527
14118
23681
7219
27972
8658
32497
14481
15484
11581
7530
22865
22590
30354
11046
23392
7585
22482
15441
6178
7108
32745
21574
20306
9192
25735
24890
20914
5022
5208
